libtype,libtype2,libtype3
1,1,1,19
2,1,1,28
3,1,1,32
4,1,1,39
5,1,1,41
6,1,1,44
7,1,1,53
8,1,1,60
9,1,1,80
10,1,1,108
11,1,1,109
12,1,1,110
13,1,1,123
14,1,1,134
15,1,1,137
16,1,1,153
17,1,1,176
18,1,1,184
19,1,1,185
20,1,1,193
21,1,1,229
22,1,1,232
23,1,1,233
24,1,1,249
25,1,1,261
26,1,1,275
27,1,1,279
28,1,1,298
29,1,1,299
30,1,1,303
31,1,1,308
32,1,1,310
33,1,1,315
34,1,1,325
35,1,1,337
36,1,1,343
37,1,1,352
38,2,2,359
39,2,2,361
40,2,2,363
41,2,2,367
42,2,2,371
43,2,2,399
44,2,2,417
45,2,2,433
46,2,2,435
47,2,2,441
48,2,2,444
49,2,2,454
50,2,2,459
51,2,2,498
52,2,2,507
53,2,2,532
54,2,2,534
55,2,2,547
56,2,2,548
57,2,2,574
58,2,2,575
59,2,2,580
60,2,2,586
61,2,2,604
62,2,2,614
63,2,2,617
64,2,2,623
65,2,2,627
66,2,2,645
67,2,2,647
68,2,2,654
69,2,2,679
70,2,2,688
71,2,2,690
72,2,2,696
73,2,2,702
74,2,2,704
75,2,2,711
76,2,2,727
77,2,2,742
78,2,2,745
79,2,2,747
80,3,3,749
81,3,3,751
82,3,3,752
83,3,3,753
84,3,3,754
85,3,3,755
86,3,3,756
87,3,3,757
88,3,3,758
89,3,3,759
90,3,3,760
91,3,3,761
92,3,3,762
93,3,3,763
94,3,3,764
95,3,3,765
96,3,3,766
97,3,3,767
98,3,3,768
99,3,3,769
100,3,3,770
101,3,3,771
102,3,3,773
103,3,3,774
104,3,3,775
105,3,3,777
106,3,3,779
107,3,3,780
108,3,3,783
109,3,3,786
110,3,3,789
111,3,3,791
112,3,3,804
113,3,3,805
114,3,3,808
115,3,3,809
116,3,3,811
117,3,3,1014
118,3,3,1038
119,3,3,1057
120,3,3,1068
121,3,3,1071
122,3,3,1085
123,3,3,1093
124,3,3,1097
125,3,3,1106
126,3,3,1109
127,3,3,1112
128,3,3,1113
129,3,3,1114
130,3,3,1115
131,3,3,1116
132,3,3,1117
133,3,3,1118
134,3,3,1119
135,3,3,1120
136,3,3,1121
137,3,3,1122
138,3,3,1123
139,3,3,1124
140,3,3,1125
141,3,3,1126
142,3,3,1127
143,3,3,1130
144,3,3,1139
145,3,3,1140
146,3,3,1141
147,3,3,1142
148,3,3,1143
149,3,3,1144
150,3,3,1146
151,3,3,1148
152,3,3,1149
153,3,3,1150
154,3,3,1151
155,3,3,1152
156,3,3,1154
157,3,3,1156
158,3,3,1157
159,3,3,1158
160,3,3,1159
161,3,3,1160
162,3,3,1162
163,3,3,1163
164,3,3,1165
165,3,3,1166
166,3,3,1170
167,3,3,1177
168,3,3,1182
169,3,3,1183
170,3,3,1184
171,3,3,1188
172,3,3,1192
173,3,3,1193
174,3,3,1194
175,3,3,1195
176,3,3,1204
177,3,3,1210
178,3,3,1211
179,3,3,1216
180,3,3,1219
181,3,3,1220
182,3,3,1221
183,3,3,1222
184,3,3,1224
185,3,3,1225
186,3,3,1226
187,3,3,1227
188,3,3,1238
189,3,3,1239
190,3,3,1240
191,3,3,1243
192,3,3,1245
193,3,3,1249
194,3,3,1250
195,3,3,1251
196,3,3,1252
197,3,3,1253
198,3,3,1254
199,3,3,1255
200,3,3,1256
201,3,3,1258
202,3,3,1260
203,3,3,1261
204,3,3,1262
205,3,3,1263
206,3,3,1264
207,3,3,1275
208,3,3,1277
209,3,3,1278
210,3,3,1279
211,3,3,1281
212,3,3,1282
213,3,3,1284
214,3,3,1285
215,3,3,1286
216,3,3,1289
217,3,3,1290
218,3,3,1292
219,3,3,1298
220,3,3,1300
221,3,3,1302
222,3,3,1303
223,3,3,1307
224,4,4,1403
225,4,4,1405
226,4,4,1406
227,4,4,1407
228,4,4,1408
229,4,4,1409
230,4,4,1410
231,4,4,1411
232,4,4,1430
233,4,4,1433
234,4,4,1439
235,4,4,1440
236,4,4,1467
237,4,4,1479
238,4,4,1481
239,4,4,1485
240,4,4,1488
241,4,4,1492
242,4,4,1494
243,4,4,1495
244,5,5,1499
245,5,5,1500
246,5,5,1501
247,5,5,1503
248,5,5,1504
249,5,5,1506
250,5,5,1509
251,5,5,1510
252,5,5,1512
253,5,5,1518
254,5,5,1521
255,5,5,1524
256,5,5,1525
257,5,5,1527
258,5,5,1529
259,5,5,1532
260,5,5,1533
261,5,5,1534
262,5,5,1535
263,5,5,1538
264,5,5,1539
265,5,5,1540
266,5,5,1542
267,5,5,1543
268,5,5,1544
269,5,5,1548
270,5,5,1549
271,5,5,1550
272,5,5,1551
273,5,5,1554
274,5,5,1556
275,5,5,1558
276,5,5,1559
277,5,5,1562
278,5,5,1563
279,5,5,1564
280,5,5,1570
281,5,5,1573
282,5,5,1574
283,5,5,1576
284,5,5,1579
285,5,5,1580
286,5,5,1582
287,5,5,1583
288,5,5,1584
289,5,5,1587
290,5,5,1588
291,5,5,1590
292,5,5,1591
293,5,5,1593
294,5,5,1596
295,5,5,1599
296,5,5,1602
297,5,5,1603
298,5,5,1607
299,5,5,1608
300,5,5,1612
301,5,5,1614
302,5,5,1615
303,5,5,1616
304,5,5,1617
305,5,5,1618
306,5,5,1620
307,5,5,1621
308,5,5,1622
309,5,5,1623
310,5,5,1625
311,5,5,1626
312,5,5,1627
313,5,5,1628
314,5,5,1630
315,5,5,1636
316,5,5,1637
317,5,5,1638
318,5,5,1643
319,5,5,1644
320,5,5,1647
321,5,5,1649
322,5,5,1650
323,5,5,1651
324,5,5,1652
325,5,5,1653
326,5,5,1654
327,5,5,1655
328,5,5,1656
329,5,5,1660
330,5,5,1661
331,5,5,1662
332,5,5,1665
333,5,5,1666
334,5,5,1667
335,5,5,1668
336,5,5,1669
337,5,5,1670
338,5,5,1671
339,5,5,1673
340,5,5,1674
341,5,5,1677
342,5,5,1679
343,5,5,1682
344,5,5,1683
345,5,5,1684
346,5,5,1686
347,5,5,1688
348,5,5,1694
349,5,5,1698
350,5,5,1699
351,5,5,1700
352,5,5,1701
353,5,5,1702
354,5,5,1704
355,5,5,1706
356,5,5,1708
357,5,5,1709
358,5,5,1712
359,5,5,1713
360,5,5,1714
361,5,5,1715
362,5,5,1716
363,5,5,1717
364,5,5,1718
365,5,5,1719
366,5,5,1720
367,5,5,1722
368,5,5,1723
369,5,5,1730
370,5,5,1731
371,5,5,1732
372,5,5,1733
373,5,5,1734
374,5,5,1738
375,5,5,1739
376,5,5,1742
377,5,5,1743
378,5,5,1744
379,5,5,1745
380,5,5,1748
381,5,5,1749
382,5,5,1750
383,5,5,1751
384,5,5,1752
385,5,5,1753
386,5,5,1754
387,5,5,1757
388,5,5,1759
389,5,5,1760
390,5,5,1762
391,5,5,1763
392,5,5,1766
393,5,5,1767
394,5,5,1768
395,5,5,1770
396,5,5,1771
397,5,5,1772
398,5,5,1773
399,5,5,1775
400,5,5,1777
401,5,5,1778
402,5,5,1779
403,5,5,1780
404,5,5,1781
405,5,5,1785
406,5,5,1786
407,5,5,1788
408,5,5,1789
409,5,5,1792
410,5,5,1794
411,5,5,1800
412,5,5,1801
413,5,5,1802
414,5,5,1803
415,5,5,1805
416,5,5,1806
417,5,5,1807
418,5,5,1808
419,5,5,1810
420,5,5,1811
421,5,5,1812
422,5,5,1813
423,5,5,1814
424,5,5,1816
425,5,5,1818
426,5,5,1819
427,5,5,1820
428,5,5,1821
429,5,5,1823
430,5,5,1824
431,5,5,1825
432,5,5,1826
433,5,5,1827
434,5,5,1828
435,5,5,1830
436,5,5,1832
437,5,5,1833
438,5,5,1838
439,5,5,1839
440,5,5,1840
441,5,5,1842
442,5,5,1843
443,5,5,1844
444,5,5,1845
445,5,5,1846
446,5,5,1847
447,5,5,1848
448,5,5,1851
449,5,5,1852
450,5,5,1853
451,5,5,1857
452,5,5,1858
453,5,5,1859
454,5,5,1861
455,5,5,1862
456,5,5,1864
457,5,5,1865
458,5,5,1866
459,5,5,1867
460,5,5,1869
461,5,5,1870
462,5,5,1871
463,5,5,1872
464,5,5,1873
465,5,5,1874
466,5,5,1875
467,5,5,1876
468,5,5,1878
469,5,5,1879
470,5,5,1880
471,5,5,1881
472,5,5,1882
473,5,5,1883
474,5,5,1884
475,5,5,1885
476,5,5,1887
477,5,5,1888
478,5,5,1889
479,5,5,1890
480,5,5,1891
481,5,5,1892
482,5,5,1893
483,5,5,1894
484,5,5,1898
485,5,5,1899
486,5,5,1900
487,5,5,1901
488,5,5,1902
489,5,5,1903
490,5,5,1905
491,5,5,1906
492,5,5,1907
493,6,6,1910
494,6,6,1914
495,6,6,1915
496,6,6,1917
497,6,6,1919
498,6,6,1923
499,6,6,1925
500,6,6,1933
501,6,6,1936
502,6,6,1945
503,6,6,1946
504,6,6,1947
505,6,6,1949
506,6,6,1950
507,6,6,1952
508,6,6,1953
509,6,6,1958
510,6,6,1961
511,6,6,1962
512,6,6,1963
513,6,6,1964
514,6,6,1967
515,6,6,1977
516,6,6,1978
517,6,6,1993
518,6,6,1996
519,6,6,1999
520,6,6,2003
521,6,6,2004
522,6,6,2006
523,6,6,2007
524,6,6,2008
525,6,6,2010
526,6,6,2011
527,6,6,2014
528,6,6,2017
529,6,6,2020
530,6,6,2021
531,6,6,2022
532,6,6,2024
533,6,6,2026
534,6,6,2027
535,6,6,2031
536,6,6,2033
537,6,6,2034
538,6,6,2037
539,6,6,2038
540,6,6,2039
541,6,6,2040
542,6,6,2041
543,6,6,2043
544,6,6,2044
545,6,6,2046
546,6,6,2051
547,6,6,2052
548,6,6,2053
549,6,6,2060
550,6,6,2061
551,6,6,2064
552,6,6,2065
553,6,6,2067
554,6,6,2069
555,6,6,2073
556,6,6,2076
557,6,6,2077
558,6,6,2079
559,6,6,2080
560,6,6,2085
561,6,6,2088
562,6,6,2094
563,6,6,2096
564,6,6,2098
565,6,6,2099
566,6,6,2101
567,6,6,2102
568,6,6,2103
569,6,6,2104
570,6,6,2107
571,6,6,2108
572,6,6,2109
573,6,6,2110
574,6,6,2114
575,6,6,2118
576,6,6,2120
577,6,6,2122
578,6,6,2124
579,6,6,2126
580,6,6,2127
581,6,6,2129
582,6,6,2130
583,6,6,2131
584,6,6,2132
585,6,6,2134
586,6,6,2139
587,6,6,2142
588,6,6,2143
589,6,6,2144
590,6,6,2145
591,6,6,2147
592,6,6,2149
593,6,6,2152
594,6,6,2153
595,6,6,2155
596,6,6,2156
597,6,6,2157
598,6,6,2158
599,6,6,2166
600,6,6,2172
601,6,6,2173
602,6,6,2174
603,6,6,2175
604,6,6,2178
605,6,6,2180
606,6,6,2186
607,6,6,2189
608,6,6,2192
609,6,6,2193
610,6,6,2194
611,6,6,2196
612,6,6,2197
613,6,6,2201
614,6,6,2202
615,6,6,2203
616,6,6,2205
617,6,6,2208
618,6,6,2209
619,6,6,2210
620,6,6,2215
621,6,6,2216
622,6,6,2218
623,6,6,2222
624,6,6,2225
625,6,6,2229
626,6,6,2230
627,6,6,2231
628,6,6,2232
629,6,6,2233
630,6,6,2234
631,6,6,2237
632,6,6,2239
633,6,6,2240
634,6,6,2241
635,6,6,2244
636,6,6,2247
637,6,6,2253
638,6,6,2255
639,6,6,2259
640,6,6,2261
641,6,6,2263
642,6,6,2266
643,6,6,2271
644,6,6,2272
645,6,6,2274
646,6,6,2277
647,6,6,2281
648,6,6,2282
649,6,6,2284
650,6,6,2286
651,6,6,2287
652,6,6,2288
653,6,6,2290
654,6,6,2291
655,6,6,2293
656,6,6,2294
657,6,6,2295
658,6,6,2297
659,6,6,2298
660,6,6,2300
661,6,6,2302
662,6,6,2303
663,6,6,2305
664,6,6,2306
665,6,6,2308
666,6,6,2309
667,6,6,2312
668,6,6,2313
669,6,6,2315
670,6,6,2318
671,6,6,2319
672,6,6,2322
673,6,6,2324
674,6,6,2326
675,6,6,2328
676,6,6,2329
677,6,6,2336
678,6,6,2338
679,6,6,2340
680,6,6,2342
681,6,6,2343
682,6,6,2347
683,6,6,2350
684,6,6,2352
685,6,6,2354
686,6,6,2356
687,6,6,2357
688,6,6,2362
689,6,6,2365
690,6,6,2367
691,6,6,2368
692,6,6,2369
693,6,6,2370
694,6,6,2374
695,6,6,2375
696,6,6,2382
697,6,6,2383
698,6,6,2384
699,6,6,2386
700,6,6,2388
701,6,6,2389
702,6,6,2390
703,6,6,2392
704,6,6,2394
705,6,6,2395
706,6,6,2397
707,6,6,2398
708,6,6,2402
709,6,6,2404
710,6,6,2407
711,6,6,2408
712,6,6,2409
713,6,6,2410
714,6,6,2412
715,6,6,2414
716,6,6,2415
717,6,6,2418
718,6,6,2421
719,6,6,2423
720,6,6,2424
721,6,6,2427
722,6,6,2428
723,6,6,2432
724,6,6,2435
725,6,6,2436
726,6,6,2438
727,6,6,2440
728,6,6,2441
729,6,6,2442
730,6,6,2444
731,6,6,2447
732,6,6,2451
733,6,6,2453
734,6,6,2454
735,6,6,2457
736,6,6,2459
737,6,6,2460
738,6,6,2462
739,6,6,2466
740,6,6,2468
741,6,6,2470
742,6,6,2472
743,6,6,2473
744,6,6,2476
745,6,6,2478
746,6,6,2479
747,6,6,2482
748,6,6,2485
749,6,6,2486
750,6,6,2487
751,6,6,2489
752,6,6,2490
753,6,6,2492
754,6,6,2493
755,6,6,2496
756,6,6,2501
757,6,6,2502
758,6,6,2503
759,6,6,2507
760,6,6,2509
761,6,6,2511
762,6,6,2512
763,6,6,2513
764,6,6,2514
765,6,6,2516
766,6,6,2518
767,6,6,2520
768,6,6,2521
769,6,6,2523
770,6,6,2526
771,6,6,2527
772,6,6,2528
773,6,6,2530
774,6,6,2531
775,6,6,2532
776,6,6,2534
777,6,6,2537
778,6,6,2543
779,6,6,2545
780,6,6,2548
781,6,6,2549
782,6,6,2550
783,6,6,2551
784,6,6,2557
785,6,6,2561
786,6,6,2562
787,6,6,2565
788,6,6,2566
789,6,6,2570
790,6,6,2571
791,6,6,2575
792,6,6,2576
793,6,6,2578
794,6,6,2579
795,6,6,2580
796,6,6,2581
797,6,6,2584
798,6,6,2585
799,6,6,2587
800,6,6,2591
801,6,6,2592
802,6,6,2598
803,6,6,2600
804,6,6,2602
805,6,6,2603
806,6,6,2605
807,6,6,2606
808,6,6,2607
809,6,6,2608
810,6,6,2612
811,6,6,2613
812,6,6,2614
813,6,6,2615
814,6,6,2617
815,6,6,2618
816,6,6,2619
817,6,6,2628
818,6,6,2630
819,6,6,2632
820,6,6,2636
821,6,6,2637
822,6,6,2640
823,6,6,2642
824,6,6,2646
825,6,6,2647
826,6,6,2650
827,6,6,2652
828,6,6,2654
829,6,6,2655
830,6,6,2656
831,6,6,2657
832,6,6,2659
833,6,6,2663
834,6,6,2664
835,6,6,2666
836,6,6,2667
837,6,6,2672
838,6,6,2674
839,6,6,2676
840,6,6,2681
841,6,6,2682
842,6,6,2684
843,6,6,2687
844,6,6,2691
845,6,6,2692
846,6,6,2693
847,6,6,2694
848,6,6,2696
849,6,6,2697
850,6,6,2698
851,6,6,2699
852,6,6,2700
853,6,6,2703
854,6,6,2704
855,6,6,2706
856,6,6,2708
857,6,6,2709
858,6,6,2713
859,6,6,2714
860,6,6,2715
861,6,6,2716
862,6,6,2719
863,6,6,2722
864,6,6,2723
865,6,6,2724
866,7,7,2726
867,7,7,2731
868,7,7,2734
869,7,7,2739
870,7,7,2748
871,7,7,2750
872,7,7,2754
873,7,7,2756
874,7,7,2762
875,7,7,2764
876,7,7,2765
877,7,7,2766
878,7,7,2767
879,7,7,2768
880,7,7,2769
881,7,7,2772
882,7,7,2776
883,7,7,2780
884,7,7,2783
885,7,7,2785
886,7,7,2790
887,7,7,2793
888,7,7,2799
889,7,7,2807
890,7,7,2808
891,7,7,2812
892,7,7,2813
893,7,7,2822
894,7,7,2826
895,7,7,2832
896,7,7,2835
897,7,7,2844
898,7,7,2849
899,7,7,2850
900,7,7,2851
901,7,7,2859
902,7,7,2860
903,7,7,2861
904,7,7,2864
905,7,7,2868
906,7,7,2869
907,7,7,2872
908,7,7,2883
909,7,7,2887
910,7,7,2891
911,7,7,2892
912,7,7,2893
913,7,7,2894
914,7,7,2895
915,7,7,2910
916,7,7,2911
917,7,7,2912
918,7,7,2914
919,7,7,2915
920,7,7,2917
921,7,7,2918
922,7,7,2920
923,7,7,2921
924,7,7,2923
925,7,7,2926
926,7,7,2932
927,7,7,2940
928,7,7,2942
929,7,7,2948
930,7,7,2951
931,7,7,2953
932,7,7,2959
933,7,7,2961
934,7,7,2964
935,7,7,2965
936,7,7,2968
937,7,7,2969
938,7,7,2970
939,7,7,2974
940,7,7,2978
941,7,7,2979
942,7,7,2982
943,7,7,2986
944,7,7,2995
945,7,7,3002
946,7,7,3009
947,7,7,3013
948,7,7,3018
949,7,7,3019
950,7,7,3028
951,7,7,3029
952,7,7,3033
953,7,7,3040
954,7,7,3042
955,7,7,3044
956,7,7,3045
957,7,7,3046
958,7,7,3050
959,7,7,3054
960,7,7,3058
961,7,7,3061
962,7,7,3062
963,7,7,3071
964,7,7,3072
965,7,7,3073
966,7,7,3079
967,7,7,3081
968,7,7,3084
969,7,7,3095
970,7,7,3096
971,7,7,3104
972,7,7,3105
973,7,7,3107
974,8,8,3109
975,8,8,3110
976,8,8,3111
977,8,8,3112
978,8,8,3113
979,8,8,3115
980,8,8,3116
981,8,8,3118
982,8,8,3119
983,8,8,3124
984,8,8,3127
985,8,8,3128
986,8,8,3129
987,8,8,3130
988,8,8,3131
989,8,8,3132
990,8,8,3134
991,8,8,3136
992,8,8,3138
993,8,8,3142
994,8,8,3143
995,8,8,3145
996,8,8,3146
997,8,8,3147
998,8,8,3149
999,8,8,3150
1000,8,8,3151
1001,8,8,3154
1002,8,8,3155
1003,8,8,3156
1004,8,8,3157
1005,8,8,3158
1006,8,8,3159
1007,8,8,3161
1008,8,8,3164
1009,8,8,3167
1010,8,8,3169
1011,8,8,3170
1012,8,8,3171
1013,8,8,3172
1014,8,8,3173
1015,8,8,3174
1016,8,8,3175
1017,8,8,3178
1018,8,8,3179
1019,8,8,3180
1020,8,8,3181
1021,8,8,3182
1022,8,8,3183
1023,8,8,3185
1024,8,8,3187
1025,8,8,3188
1026,8,8,3189
1027,8,8,3190
1028,8,8,3191
1029,8,8,3194
1030,8,8,3195
1031,8,8,3196
1032,8,8,3199
1033,8,8,3201
1034,8,8,3202
1035,8,8,3203
1036,8,8,3205
1037,8,8,3207
1038,8,8,3208
1039,8,8,3209
1040,8,8,3211
1041,8,8,3212
1042,8,8,3214
1043,8,8,3215
1044,8,8,3217
1045,8,8,3218
1046,8,8,3219
1047,8,8,3220
1048,8,8,3221
1049,8,8,3222
1050,8,8,3227
1051,8,8,3231
1052,8,8,3232
1053,8,8,3233
1054,8,8,3234
1055,8,8,3235
1056,8,8,3236
1057,8,8,3238
1058,8,8,3239
1059,8,8,3241
1060,8,8,3242
1061,8,8,3243
1062,8,8,3244
1063,8,8,3245
1064,8,8,3249
1065,8,8,3250
1066,8,8,3251
1067,8,8,3254
1068,8,8,3255
1069,8,8,3256
1070,8,8,3260
1071,8,8,3261
1072,8,8,3262
1073,8,8,3263
1074,8,8,3264
1075,8,8,3265
1076,8,8,3267
1077,8,8,3269
1078,8,8,3271
1079,8,8,3273
1080,8,8,3274
1081,8,8,3275
1082,8,8,3276
1083,8,8,3277
1084,8,8,3280
1085,8,8,3282
1086,8,8,3283
1087,8,8,3284
1088,8,8,3285
1089,8,8,3286
1090,8,8,3287
1091,8,8,3288
1092,8,8,3289
1093,8,8,3290
1094,8,8,3291
1095,8,8,3292
1096,8,8,3293
1097,8,8,3294
1098,8,8,3295
1099,8,8,3296
1100,8,8,3297
1101,8,8,3299
1102,8,8,3300
1103,8,8,3301
1104,8,8,3302
1105,8,8,3303
1106,8,8,3304
1107,8,8,3305
1108,8,8,3306
1109,8,8,3307
1110,8,8,3308
1111,8,8,3309
1112,8,8,3310
1113,8,8,3311
1114,8,8,3312
1115,8,8,3313
1116,8,8,3314
1117,8,8,3315
1118,8,8,3316
1119,8,8,3317
1120,8,8,3318
1121,8,8,3319
1122,8,8,3320
1123,8,8,3321
1124,8,8,3322
1125,8,8,3323
1126,8,8,3325
1127,8,8,3326
1128,8,8,3327
1129,8,8,3328
1130,8,8,3329
1131,8,8,3330
1132,8,8,3331
1133,8,8,3332
1134,8,8,3333
1135,8,8,3334
1136,8,8,3335
1137,8,8,3336
1138,8,8,3337
1139,8,8,3338
1140,8,8,3339
1141,8,8,3340
1142,8,8,3341
1143,8,8,3342
1144,8,8,3343
1145,8,8,3344
1146,8,8,3345
1147,8,8,3346
1148,8,8,3348
1149,8,8,3349
1150,8,8,3351
1151,8,8,3352
1152,8,8,3353
1153,8,8,3354
1154,8,8,3355
1155,8,8,3356
1156,8,8,3357
1157,8,8,3358
1158,8,8,3359
1159,8,8,3360
1160,8,8,3361
1161,8,8,3362
1162,8,8,3363
1163,8,8,3364
1164,8,8,3365
1165,8,8,3366
1166,8,8,3367
1167,8,8,3368
1168,8,8,3370
1169,8,8,3371
1170,8,8,3372
1171,8,8,3373
1172,8,8,3374
1173,8,8,3375
1174,8,8,3376
1175,8,8,3377
1176,8,8,3378
1177,8,8,3379
1178,8,8,3380
1179,8,8,3381
1180,8,8,3382
1181,8,8,3383
1182,8,8,3384
1183,8,8,3385
1184,8,8,3386
1185,8,8,3387
1186,8,8,3388
1187,8,8,3389
1188,8,8,3390
1189,8,8,3391
1190,8,8,3392
1191,8,8,3393
1192,8,8,3394
1193,8,8,3395
1194,8,8,3396
1195,8,8,3397
1196,8,8,3398
1197,8,8,3399
1198,8,8,3400
1199,8,8,3401
1200,8,8,3402
1201,8,8,3403
1202,8,8,3404
1203,8,8,3405
1204,8,8,3406
1205,8,8,3408
1206,8,8,3409
1207,8,8,3410
1208,8,8,3411
1209,8,8,3412
1210,8,8,3413
1211,8,8,3414
1212,8,8,3415
1213,8,8,3416
1214,8,8,3417
1215,8,8,3418
1216,8,8,3419
1217,8,8,3420
1218,8,8,3421
1219,8,8,3422
1220,8,8,3423
1221,8,8,3424
1222,8,8,3425
1223,8,8,3426
1224,8,8,3427
1225,8,8,3428
1226,8,8,3429
1227,8,8,3430
1228,8,8,3431
1229,8,8,3432
1230,8,8,3433
1231,8,8,3435
1232,8,8,3436
1233,8,8,3437
1234,8,8,3438
1235,8,8,3439
1236,8,8,3440
1237,8,8,3441
1238,8,8,3442
1239,8,8,3444
1240,8,8,3445
1241,8,8,3446
1242,8,8,3447
1243,8,8,3448
1244,8,8,3449
1245,8,8,3450
1246,8,8,3451
1247,8,8,3452
1248,8,8,3453
1249,8,8,3454
1250,8,8,3456
1251,8,8,3457
1252,8,8,3458
1253,8,8,3459
1254,8,8,3460
1255,8,8,3461
1256,8,8,3462
1257,8,8,3463
1258,8,8,3464
1259,8,8,3465
1260,8,8,3468
1261,8,8,3469
1262,8,8,3470
1263,8,8,3471
1264,8,8,3472
1265,8,8,3473
1266,8,8,3474
1267,8,8,3475
1268,8,8,3476
1269,8,8,3477
1270,8,8,3478
1271,8,8,3479
1272,8,8,3480
1273,8,8,3481
1274,8,8,3482
1275,8,8,3483
1276,8,8,3484
1277,8,8,3485
1278,8,8,3486
1279,8,8,3487
1280,8,8,3488
1281,8,8,3489
1282,8,8,3490
1283,8,8,3491
1284,8,8,3492
1285,8,8,3493
1286,8,8,3494
1287,8,8,3495
1288,8,8,3496
1289,8,8,3497
1290,8,8,3498
1291,8,8,3499
1292,8,8,3500
1293,8,8,3501
1294,8,8,3502
1295,8,8,3503
1296,8,8,3504
1297,8,8,3505
1298,8,8,3506
1299,8,8,3507
1300,8,8,3508
1301,8,8,3509
1302,8,8,3510
1303,8,8,3511
1304,8,8,3512
1305,8,8,3513
1306,8,8,3514
1307,8,8,3515
1308,8,8,3516
1309,8,8,3517
1310,8,8,3518
1311,8,8,3519
1312,8,8,3520
1313,8,8,3521
1314,8,8,3522
1315,8,8,3523
1316,8,8,3524
1317,8,8,3525
1318,8,8,3526
1319,8,8,3527
1320,8,8,3528
1321,8,8,3529
1322,8,8,3530
1323,8,8,3531
1324,8,8,3532
1325,8,8,3533
1326,8,8,3534
1327,8,8,3535
1328,8,8,3536
1329,8,8,3537
1330,8,8,3538
1331,8,8,3539
1332,8,8,3540
1333,8,8,3541
1334,8,8,3542
1335,8,8,3543
1336,8,8,3544
1337,8,8,3545
1338,8,8,3546
1339,8,8,3547
1340,8,8,3548
1341,8,8,3549
1342,8,8,3550
1343,8,8,3551
1344,8,8,3552
1345,8,8,3553
1346,8,8,3554
1347,8,8,3555
1348,8,8,3556
1349,8,8,3557
1350,8,8,3558
1351,8,8,3559
1352,8,8,3560
1353,8,8,3561
1354,8,8,3562
1355,8,8,3563
1356,8,8,3564
1357,8,8,3565
1358,8,8,3566
1359,8,8,3567
1360,8,8,3568
1361,8,8,3569
1362,8,8,3570
1363,8,8,3571
1364,8,8,3572
1365,8,8,3573
1366,8,8,3574
1367,8,8,3575
1368,8,8,3576
1369,8,8,3577
1370,8,8,3578
1371,8,8,3579
1372,8,8,3580
1373,8,8,3581
1374,8,8,3582
1375,8,8,3583
1376,8,8,3584
1377,8,8,3585
1378,8,8,3586
1379,8,8,3587
1380,8,8,3588
1381,8,8,3589
1382,8,8,3590
1383,8,8,3591
1384,8,8,3592
1385,8,8,3593
1386,8,8,3594
1387,8,8,3595
1388,8,8,3596
1389,8,8,3597
1390,8,8,3598
1391,8,8,3599
1392,8,8,3600
1393,8,8,3601
1394,8,8,3602
1395,8,8,3603
1396,8,8,3604
1397,8,8,3605
1398,8,8,3606
1399,8,8,3607
1400,8,8,3608
1401,8,8,3609
1402,8,8,3610
1403,8,8,3611
1404,8,8,3612
1405,8,8,3613
1406,8,8,3615
1407,8,8,3616
1408,8,8,3617
1409,8,8,3618
1410,8,8,3619
1411,8,8,3620
1412,8,8,3621
1413,8,8,3622
1414,8,8,3623
1415,8,8,3624
1416,8,8,3625
1417,8,8,3626
1418,8,8,3627
1419,8,8,3628
1420,8,8,3629
1421,8,8,3631
1422,8,8,3632
1423,8,8,3633
1424,8,8,3634
1425,8,8,3635
1426,8,8,3636
1427,8,8,3637
1428,8,8,3640
1429,8,8,3641
1430,8,8,3642
1431,8,8,3643
1432,8,8,3644
1433,8,8,3645
1434,8,8,3646
1435,8,8,3647
1436,8,8,3648
1437,8,8,3649
1438,8,8,3650
1439,8,8,3651
1440,8,8,3652
1441,8,8,3653
1442,8,8,3654
1443,8,8,3655
1444,8,8,3656
1445,8,8,3657
1446,8,8,3658
1447,8,8,3659
1448,8,8,3660
1449,8,8,3661
1450,8,8,3662
1451,8,8,3663
1452,8,8,3664
1453,8,8,3665
1454,8,8,3666
1455,8,8,3667
1456,8,8,3668
1457,8,8,3669
1458,8,8,3670
1459,8,8,3671
1460,8,8,3672
1461,8,8,3673
1462,8,8,3674
1463,8,8,3675
1464,8,8,3676
1465,8,8,3677
1466,8,8,3678
1467,8,8,3679
1468,8,8,3680
1469,8,8,3681
1470,8,8,3682
1471,8,8,3683
1472,8,8,3684
1473,8,8,3685
1474,8,8,3686
1475,8,8,3687
1476,8,8,3689
1477,8,8,3690
1478,8,8,3691
1479,8,8,3692
1480,8,8,3693
1481,8,8,3694
1482,8,8,3695
1483,8,8,3696
1484,8,8,3697
1485,8,8,3698
1486,8,8,3699
1487,8,8,3700
1488,8,8,3701
1489,8,8,3702
1490,8,8,3703
1491,8,8,3704
1492,8,8,3705
1493,8,8,3706
1494,8,8,3707
1495,8,8,3708
1496,8,8,3710
1497,8,8,3711
1498,8,8,3712
1499,8,8,3713
1500,8,8,3714
1501,8,8,3715
1502,8,8,3716
1503,8,8,3717
1504,8,8,3718
1505,8,8,3719
1506,8,8,3720
1507,8,8,3721
1508,8,8,3722
1509,8,8,3723
1510,9,9,3725
1511,9,9,3726
1512,9,9,3727
1513,9,9,3729
1514,9,9,3731
1515,9,9,3733
1516,9,9,3734
1517,9,9,3735
1518,9,9,3737
1519,9,9,3738
1520,9,9,3739
1521,9,9,3740
1522,9,9,3741
1523,9,9,3742
1524,9,9,3743
1525,9,9,3744
1526,9,9,3745
1527,9,9,3746
1528,9,9,3747
1529,9,9,3748
1530,9,9,3749
1531,9,9,3751
1532,9,9,3753
1533,9,9,3754
1534,9,9,3757
1535,9,9,3758
1536,9,9,3759
1537,9,9,3760
1538,9,9,3761
1539,9,9,3762
1540,9,9,3764
1541,9,9,3765
1542,9,9,3766
1543,9,9,3767
1544,9,9,3768
1545,9,9,3770
1546,9,9,3771
1547,9,9,3773
1548,9,9,3775
1549,9,9,3778
1550,9,9,3779
1551,9,9,3780
1552,9,9,3781
1553,9,9,3782
1554,9,9,3783
1555,9,9,3785
1556,9,9,3786
1557,9,9,3787
1558,9,9,3788
1559,9,9,3789
1560,9,9,3791
1561,9,9,3792
1562,9,9,3793
1563,9,9,3794
1564,9,9,3796
1565,9,9,3797
1566,9,9,3798
1567,9,9,3800
1568,9,9,3804
1569,9,9,3805
1570,9,9,3806
1571,9,9,3807
1572,9,9,3809
1573,9,9,3810
1574,9,9,3811
1575,9,9,3812
1576,9,9,3813
1577,9,9,3815
1578,9,9,3817
1579,9,9,3818
1580,9,9,3820
1581,9,9,3821
1582,9,9,3822
1583,9,9,3823
1584,9,9,3824
1585,9,9,3825
1586,9,9,3826
1587,9,9,3827
1588,9,9,3828
1589,9,9,3829
1590,9,9,3830
1591,9,9,3831
1592,9,9,3832
1593,9,9,3835
1594,9,9,3836
1595,9,9,3837
1596,9,9,3839
1597,9,9,3840
1598,9,9,3841
1599,9,9,3842
1600,9,9,3843
1601,9,9,3844
1602,9,9,3845
1603,9,9,3847
1604,9,9,3848
1605,9,9,3850
1606,9,9,3852
1607,9,9,3854
1608,9,9,3855
1609,9,9,3856
1610,9,9,3857
1611,9,9,3858
1612,9,9,3859
1613,9,9,3861
1614,9,9,3863
1615,9,9,3864
1616,9,9,3865
1617,9,9,3866
1618,9,9,3867
1619,9,9,3868
1620,9,9,3869
1621,9,9,3871
1622,9,9,3873
1623,9,9,3875
1624,9,9,3876
1625,9,9,3877
1626,9,9,3879
1627,9,9,3880
1628,9,9,3882
1629,9,9,3883
1630,9,9,3885
1631,9,9,3886
1632,9,9,3887
1633,9,9,3888
1634,9,9,3890
1635,9,9,3891
1636,9,9,3892
1637,9,9,3894
1638,9,9,3897
1639,9,9,3898
1640,9,9,3901
1641,9,9,3903
1642,9,9,3905
1643,9,9,3907
1644,9,9,3908
1645,9,9,3909
1646,9,9,3910
1647,9,9,3911
1648,9,9,3913
1649,9,9,3914
1650,9,9,3916
1651,9,9,3919
1652,9,9,3920
1653,9,9,3921
1654,9,9,3922
1655,9,9,3924
1656,9,9,3926
1657,9,9,3927
1658,9,9,3928
1659,9,9,3929
1660,9,9,3930
1661,9,9,3931
1662,9,9,3932
1663,9,9,3933
1664,9,9,3934
1665,9,9,3935
1666,9,9,3937
1667,9,9,3938
1668,9,9,3939
1669,9,9,3940
1670,9,9,3941
1671,9,9,3942
1672,9,9,3943
1673,9,9,3945
1674,10,10,3947
1675,10,10,3948
1676,10,10,3951
1677,10,10,3952
1678,10,10,3957
1679,10,10,3959
1680,10,10,3961
1681,10,10,3967
1682,10,10,3968
1683,10,10,3974
1684,10,10,3992
1685,10,10,3997
1686,10,10,4000
1687,10,10,4004
1688,10,10,4011
1689,10,10,4014
1690,10,10,4020
1691,10,10,4022
1692,10,10,4026
1693,10,10,4030
1694,10,10,4037
1695,10,10,4039
1696,10,10,4053
1697,10,10,4055
1698,10,10,4057
1699,10,10,4060
1700,10,10,4079
1701,10,10,4091
1702,10,10,4094
1703,10,10,4098
1704,10,10,4102
1705,10,10,4122
1706,10,10,4123
1707,10,10,4132
1708,10,10,4144
1709,10,10,4149
1710,10,10,4150
1711,10,10,4152
1712,10,10,4156
1713,10,10,4158
1714,10,10,4161
1715,10,10,4166
1716,10,10,4169
1717,10,10,4184
1718,10,10,4187
1719,10,10,4189
1720,10,10,4201
1721,10,10,4213
1722,11,11,4215
1723,11,11,4216
1724,11,11,4217
1725,11,11,4218
1726,11,11,4219
1727,11,11,4220
1728,11,11,4221
1729,11,11,4223
1730,11,11,4224
1731,11,11,4225
1732,11,11,4227
1733,11,11,4228
1734,11,11,4229
1735,11,11,4230
1736,11,11,4231
1737,11,11,4232
1738,11,11,4233
1739,11,11,4234
1740,11,11,4235
1741,11,11,4236
1742,11,11,4237
1743,11,11,4238
1744,11,11,4239
1745,11,11,4240
1746,11,11,4241
1747,11,11,4244
1748,11,11,4245
1749,11,11,4246
1750,11,11,4248
1751,11,11,4249
1752,11,11,4250
1753,11,11,4251
1754,11,11,4252
1755,11,11,4253
1756,11,11,4254
1757,11,11,4255
1758,11,11,4256
1759,11,11,4257
1760,11,11,4258
1761,11,11,4259
1762,11,11,4260
1763,11,11,4261
1764,11,11,4262
1765,11,11,4263
1766,11,11,4264
1767,11,11,4265
1768,11,11,4267
1769,11,11,4268
1770,11,11,4271
1771,11,11,4272
1772,11,11,4273
1773,11,11,4274
1774,11,11,4275
1775,11,11,4276
1776,11,11,4277
1777,11,11,4278
1778,11,11,4279
1779,11,11,4280
1780,11,11,4281
1781,11,11,4282
1782,11,11,4283
1783,11,11,4284
1784,11,11,4285
1785,11,11,4286
1786,11,11,4288
1787,11,11,4289
1788,11,11,4290
1789,11,11,4291
1790,11,11,4293
1791,11,11,4294
1792,11,11,4295
1793,11,11,4297
1794,11,11,4298
1795,11,11,4299
1796,11,11,4300
1797,11,11,4301
1798,11,11,4302
1799,11,11,4303
1800,11,11,4304
1801,11,11,4305
1802,11,11,4307
1803,11,11,4308
1804,11,11,4309
1805,11,11,4310
1806,11,11,4311
1807,11,11,4312
1808,11,11,4313
1809,11,11,4314
1810,11,11,4315
1811,11,11,4316
1812,11,11,4317
1813,11,11,4319
1814,11,11,4320
1815,11,11,4321
1816,11,11,4322
1817,11,11,4324
1818,11,11,4325
1819,11,11,4326
1820,11,11,4327
1821,11,11,4328
1822,11,11,4329
1823,11,11,4330
1824,11,11,4331
1825,11,11,4332
1826,11,11,4333
1827,11,11,4334
1828,11,11,4335
1829,11,11,4336
1830,11,11,4337
1831,11,11,4338
1832,11,11,4339
1833,11,11,4340
1834,11,11,4341
1835,11,11,4342
1836,11,11,4343
1837,11,11,4344
1838,11,11,4345
1839,11,11,4348
1840,11,11,4349
1841,11,11,4350
1842,11,11,4351
1843,11,11,4352
1844,11,11,4353
1845,11,11,4354
1846,11,11,4355
1847,11,11,4356
1848,11,11,4357
1849,11,11,4358
1850,11,11,4360
1851,11,11,4361
1852,11,11,4363
1853,11,11,4364
1854,11,11,4365
1855,11,11,4366
1856,11,11,4367
1857,11,11,4368
1858,11,11,4369
1859,11,11,4370
1860,11,11,4372
1861,11,11,4373
1862,11,11,4374
1863,11,11,4375
1864,11,11,4376
1865,11,11,4377
1866,11,11,4378
1867,11,11,4379
1868,11,11,4380
1869,11,11,4381
1870,11,11,4382
1871,11,11,4383
1872,11,11,4384
1873,11,11,4385
1874,11,11,4386
1875,11,11,4387
1876,11,11,4388
1877,11,11,4389
1878,11,11,4390
1879,11,11,4391
1880,11,11,4392
1881,11,11,4393
1882,11,11,4394
1883,11,11,4395
1884,11,11,4396
1885,11,11,4398
1886,11,11,4399
1887,11,11,4400
1888,11,11,4401
1889,11,11,4402
1890,11,11,4403
1891,11,11,4404
1892,11,11,4405
1893,11,11,4406
1894,11,11,4408
1895,11,11,4409
1896,11,11,4410
1897,11,11,4411
1898,11,11,4412
1899,11,11,4413
1900,11,11,4414
1901,11,11,4415
1902,11,11,4417
1903,11,11,4419
1904,11,11,4420
1905,11,11,4421
1906,11,11,4422
1907,11,11,4423
1908,11,11,4425
1909,11,11,4426
1910,11,11,4427
1911,11,11,4429
1912,11,11,4430
1913,11,11,4431
1914,11,11,4434
1915,11,11,4435
1916,11,11,4436
1917,11,11,4437
1918,11,11,4439
1919,11,11,4440
1920,11,11,4441
1921,11,11,4442
1922,11,11,4443
1923,11,11,4445
1924,11,11,4446
1925,11,11,4447
1926,11,11,4448
1927,11,11,4449
1928,11,11,4450
1929,11,11,4451
1930,11,11,4452
1931,11,11,4453
1932,11,11,4454
1933,11,11,4455
1934,11,11,4456
1935,11,11,4457
1936,11,11,4458
1937,11,11,4459
1938,11,11,4460
1939,11,11,4461
1940,11,11,4462
1941,11,11,4463
1942,11,11,4464
1943,11,11,4465
1944,11,11,4466
1945,11,11,4467
1946,11,11,4468
1947,11,11,4469
1948,11,11,4470
1949,11,11,4471
1950,11,11,4472
1951,11,11,4473
1952,11,11,4474
1953,11,11,4475
1954,11,11,4476
1955,11,11,4477
1956,11,11,4478
1957,11,11,4479
1958,11,11,4480
1959,11,11,4482
1960,11,11,4483
1961,11,11,4485
1962,11,11,4486
1963,11,11,4487
1964,11,11,4488
1965,11,11,4489
1966,11,11,4490
1967,11,11,4491
1968,11,11,4492
1969,11,11,4493
1970,11,11,4494
1971,11,11,4495
1972,11,11,4497
1973,11,11,4498
1974,11,11,4499
1975,11,11,4501
1976,11,11,4502
1977,12,12,4506
1978,12,12,4509
1979,12,12,4513
1980,12,12,4514
1981,12,12,4516
1982,12,12,4524
1983,12,12,4525
1984,12,12,4529
1985,12,12,4533
1986,12,12,4535
1987,12,12,4537
1988,12,12,4539
1989,12,12,4541
1990,12,12,4546
1991,12,12,4550
1992,12,12,4558
1993,12,12,4561
1994,12,12,4564
1995,12,12,4566
1996,12,12,4567
1997,12,12,4568
1998,12,12,4571
1999,12,12,4574
2000,12,12,4578
2001,12,12,4582
2002,12,12,4584
2003,12,12,4588
2004,12,12,4593
2005,12,12,4595
2006,12,12,4596
2007,12,12,4605
2008,12,12,4606
2009,12,12,4607
2010,12,12,4610
2011,12,12,4611
2012,12,12,4615
2013,12,12,4622
2014,12,12,4623
2015,12,12,4633
2016,12,12,4637
2017,12,12,4641
2018,12,12,4644
2019,12,12,4645
2020,12,12,4648
2021,12,12,4650
2022,12,12,4658
2023,12,12,4659
2024,12,12,4661
2025,12,12,4668
2026,12,12,4670
2027,12,12,4671
2028,12,12,4678
2029,12,12,4680
2030,12,12,4688
2031,12,12,4689
2032,12,12,4693
2033,12,12,4694
2034,12,12,4702
2035,12,12,4707
2036,12,12,4710
2037,12,12,4713
2038,12,12,4718
2039,12,12,4725
2040,12,12,4726
2041,12,12,4727
2042,12,12,4729
2043,12,12,4732
2044,12,12,4744
2045,12,12,4745
2046,12,12,4762
2047,12,12,4769
2048,12,12,4770
2049,12,12,4771
2050,12,12,4774
2051,12,12,4777
2052,12,12,4778
2053,12,12,4782
2054,12,12,4783
2055,12,12,4795
2056,12,12,4797
2057,12,12,4799
2058,12,12,4801
2059,12,12,4808
2060,12,12,4822
2061,12,12,4823
2062,12,12,4829
